.Random.seed <-
c(403L, 10L, -1397678537L, 341591341L, -1863700924L, 1348940650L, 
1429872597L, -199325329L, -283294602L, -1871474784L, -991995805L, 
-1772225279L, 450056304L, -1133708274L, 263134329L, -757617653L, 
348276026L, 1740133436L, 1137173375L, 1265774805L, -1780316948L, 
-802218430L, 320303517L, -1406655465L, -684230274L, 260218680L, 
1615058971L, 1762908537L, -577437752L, 289973238L, -1420167631L, 
-1412116381L, -23334862L, 498175364L, -720800825L, -83773795L, 
966188564L, -2113362758L, -343797499L, 336761567L, -961757338L, 
-1844062480L, -980275693L, 1941956529L, 1573859936L, 2017791998L, 
-2136293495L, -315369285L, -1548381046L, -610965652L, 798045423L, 
1544642341L, 680790492L, 1031255986L, 1643593389L, 403076711L, 
1991984526L, -1866059160L, -1726173589L, 1808238601L, -228591976L, 
1691775430L, -831872735L, -1690734157L, 513674530L, 1212753684L, 
1616584599L, 795180941L, -1942617436L, -1967846262L, -125459723L, 
2009761103L, 1410601558L, -2006175488L, 1482327107L, 1416792033L, 
629958480L, -2060297810L, -1621108903L, 1220861291L, 2056750298L, 
1230540188L, 1723052447L, 88642549L, -1681210740L, 221759330L, 
182892349L, -1596551241L, -2120803234L, -1287827048L, 1006482683L, 
1868890265L, -482512600L, -749271082L, 1111925841L, 1876545283L, 
-887667054L, -1356282844L, 1225296615L, -802300099L, -72130636L, 
-1517599718L, 256089957L, 238895615L, -1722479482L, 792924176L, 
-856337741L, 394842449L, 1414836480L, -1271991330L, 1867128873L, 
-1687767077L, -404871958L, 778109580L, -2082791985L, 1904038277L, 
-2031130052L, 2087554834L, -462228467L, 248725319L, 1111293230L, 
-1916830584L, 1344334219L, 929427817L, -1926530248L, -722491930L, 
-311066239L, -871066349L, -265268542L, -1505198732L, 1011449207L, 
-1083767187L, 1854851332L, 1896094762L, -412667499L, 679831087L, 
-745028810L, 1008663392L, 2104230307L, 139903681L, -865641808L, 
1962890702L, 2146568505L, 622208331L, -1525059846L, -221831172L, 
1281138751L, 118249749L, 368894508L, 350367490L, 1786837981L, 
1195095767L, 138052030L, -1078238216L, 1015502811L, -1092212167L, 
1883368328L, -1257432266L, -1585313423L, -732945501L, -458034446L, 
-1339289020L, 321142023L, -1775516451L, 1845244372L, 791713018L, 
-1817129915L, -532915041L, -517718490L, 1534016176L, -1641470125L, 
-1278336399L, 775843744L, -1816082626L, -1708536247L, 119745275L, 
-2033362230L, 400051244L, -514354129L, 1069595877L, 1710896540L, 
-1229342734L, 27173485L, 161015719L, 1132321230L, -804098264L, 
1046308139L, 809355081L, 1020660824L, 1979218182L, -2028403487L, 
59647091L, 176107746L, -2091018156L, -132793001L, 1122192717L, 
-2006707996L, 313199818L, -1957666507L, 334653327L, 2109879446L, 
-98632640L, -1721619197L, 2092769569L, 1205053968L, -438455826L, 
417277337L, 1612005931L, -634244326L, 1296894428L, 1031454687L, 
-538425419L, -1045241524L, -947837022L, -959164675L, 968384503L, 
560572702L, 1702859736L, 1146254651L, -1053994279L, -1529885080L, 
-2138878058L, -689128687L, 614307011L, -1761764142L, -364279452L, 
447081639L, 2080461309L, 355073012L, 820755416L, 1453501306L, 
1333057584L, 2130706364L, -743814572L, -2106757054L, 1101473440L, 
-795499844L, 141517776L, -652913310L, -1782235416L, -1708794676L, 
-1453540868L, -2091409934L, -169845632L, 697375220L, -419356024L, 
1615469370L, 1859085648L, -1639406484L, -844255852L, -904484782L, 
390405600L, 937841868L, -1437737312L, 588542338L, 1345208552L, 
1009707756L, 669621564L, -808392590L, 567902832L, 99408420L, 
1540589624L, -145295078L, -2132417328L, -1861953220L, 309130132L, 
150927234L, 275508160L, -828869060L, 872055184L, 55748642L, -832459512L, 
1602029708L, 504549148L, -1884578670L, 154176896L, -126668780L, 
-1077631192L, 23365178L, -1659319856L, 1844126060L, -283927628L, 
1659466258L, -1230604320L, -1605887540L, 94394592L, 344232994L, 
1174534952L, 1465231884L, 434656060L, -1209751566L, -1068473616L, 
988342852L, -1457662376L, 1801991994L, 1630877680L, -1036481860L, 
1859527956L, 1390243010L, -644641696L, -492839556L, -176119856L, 
2126514466L, -1401164120L, -832757876L, 312181948L, 2048045874L, 
-1539910080L, 748008628L, -1780560824L, 784305594L, 1568553488L, 
209915116L, -1002098348L, -1135731950L, 1660929440L, -24038708L, 
-174077344L, 337651650L, 1519313704L, -903298644L, -1246874308L, 
591020914L, 1054197040L, -1188110556L, -1656576712L, -1891563814L, 
697948048L, -976444676L, -1317487724L, 1497351234L, 1406209280L, 
1363542076L, 1777454416L, 1961669794L, -606471352L, -441176308L, 
-448139556L, -929036462L, 1666041472L, 86569044L, 1152893928L, 
1853532922L, 1666125136L, 28432172L, 1867615092L, 412353426L, 
-356267424L, -1860956276L, -737274016L, 549207010L, 655920040L, 
-1645630260L, 1695238652L, -189411406L, 206069232L, -1833026108L, 
-831819432L, -962263686L, -367141456L, 1885569980L, 1019537492L, 
1748852674L, 1660622880L, 565440700L, -1116988848L, 1872238562L, 
603561576L, 983146060L, -355325700L, 971190258L, 1349264640L, 
-1290822796L, -1249830904L, 1677207994L, -19771952L, 601691116L, 
-1021203564L, 2117946322L, -750456992L, -540264116L, -1939005152L, 
-366268542L, -25538840L, -1261455124L, 1468268092L, -17603726L, 
309118576L, -940430300L, -827433160L, -2106392422L, -442022192L, 
103294140L, 1397148308L, -696690046L, 77516992L, 1555621180L, 
451250320L, -1720451550L, -843417080L, -4205300L, 1690395292L, 
1825461778L, 648556928L, 996975124L, 325893672L, 768131386L, 
-1578984496L, -2135896468L, -1560839372L, 310063762L, -435223200L, 
-1041337012L, -1446386720L, 1742151586L, -1994383448L, 748285836L, 
1078278844L, 553327474L, -1956642576L, -1099461564L, 282848600L, 
345919546L, 726270832L, 2016154684L, 1362209556L, 1111920066L, 
-1395127072L, -898664580L, 1515198160L, 943741602L, -2027973592L, 
-917372660L, -1439069252L, 1143555378L, 347895744L, 674637364L, 
-795989048L, -8887110L, 284723088L, -1612305940L, 1263703124L, 
1649515154L, -956355808L, 1163534796L, -2028708896L, -304998718L, 
1061066280L, -82989396L, 1542473404L, 1295958514L, 934975792L, 
-1291040604L, -1965049160L, 1903845210L, -707691120L, 1580556926L, 
-1131566005L, 1013399117L, -1210604422L, -758365000L, 117583457L, 
889099283L, 1879515700L, 1831584834L, 1007909975L, -1163290719L, 
1690839142L, -220467100L, 703957909L, -986235713L, -1677464488L, 
-1249716106L, -80852861L, 1928046789L, 1916675554L, -1571976112L, 
1256973689L, 1385388715L, -1150418404L, -1011131062L, -652720833L, 
429376393L, -1648526434L, 829741644L, 920304669L, 222762407L, 
-1133975344L, 781744750L, 355149083L, -2138562947L, 544599146L, 
1221433608L, -507638351L, 821389859L, 2063159076L, 817067986L, 
-1012427737L, -211104143L, -539921226L, 1784149076L, 1276644581L, 
1075493103L, 294251560L, -783771514L, -1118510413L, -1732762603L, 
-279579022L, -217779520L, -1552967895L, -862087781L, 2007970412L, 
2044995194L, -160622673L, 272773817L, -2125931314L, 1819604508L, 
689884557L, -849093641L, -2009604352L, -68700834L, -1091690965L, 
1157239085L, 696806810L, 2094644056L, -1811791167L, -939235981L, 
1293547156L, -53804254L, -1027715529L, -287319295L, 1051992582L, 
1505394756L, -1196191371L, -236817185L, -1615181768L, -646639594L, 
-879165405L, 437526501L, -1402377726L, -1309493136L, 2052394521L, 
1694748683L, 1614514940L, -1782899926L, -1605448353L, 1027654889L, 
1828443134L, -654184468L, -1416873155L, 273921799L, 663432944L, 
-1370190194L, 585533627L, 1020968093L, 45969482L, -2098982296L, 
-1289314735L, 1791026499L, -869542844L, 1711560434L, -237838649L, 
-1608850287L, 520821270L, -724613004L, 878267141L, 175071567L, 
-952851640L, 1740182246L, -738524141L, 1975745397L, -31057070L, 
754781088L, -182624631L, -1205785925L, 1307087116L, -1924305766L, 
-1644465649L, 1006376537L, 434744046L, 222929276L, 1717555693L, 
967483031L, 643774816L, -1734329026L, 2143219211L, -1395975539L, 
-2144102470L, 2112906744L, -557399647L, 1327720275L, -856512908L, 
-123738110L, -1352035689L, 1242414177L, -1009543002L, -2077226844L, 
-2013544107L, 1795973631L, 1586501784L, -933231178L, -478810557L, 
